Experimental Data from Manometer and Pitot-Static Rake

Data Point #, Motor Speed [RPM], Manometer delta P [dpsi], Ambient Temp.[R], Viscosity [slug/ft s], Ambient Press. [psia], Omega Transmitter delta P [dpsi], RakeT1 [psid],RakeT2 [psid],RakeT3 [psid],RakeT4 [psid],RakeT5 [psid],RakeT6 [psid],RakeT7 [psid],RakeT8 [psid],RakeT9 [psid],RakeS1 [psid],RakeS2 [psid],RakeS3 [psid],RakeS4 [psid],RakeS5 [psid]
1.000000E+0,4.000000E+2,5.780464E-3,5.402700E+2,3.856930E-7,1.422862E+1,5.581080E-3,4.678200E-3,4.669833E-3,4.729600E-3,4.748067E-3,4.747067E-3,4.823767E-3,4.778033E-3,4.713833E-3,4.682567E-3,7.880000E-5,1.352000E-4,4.563333E-5,5.030000E-5,7.433333E-6
2.000000E+0,5.000000E+2,8.670696E-3,5.402700E+2,3.856930E-7,1.422862E+1,8.934726E-3,7.642000E-3,7.607633E-3,7.688600E-3,7.708967E-3,7.711533E-3,7.829700E-3,7.671367E-3,7.595800E-3,7.515800E-3,1.308667E-4,2.087333E-4,6.250000E-5,9.063333E-5,6.823333E-5
3.000000E+0,6.000000E+2,1.300604E-2,5.402700E+2,3.856930E-7,1.422862E+1,1.330373E-2,1.152897E-2,1.142003E-2,1.154867E-2,1.157740E-2,1.161180E-2,1.172390E-2,1.152877E-2,1.148433E-2,1.137603E-2,1.424667E-4,2.345000E-4,7.243333E-5,1.814667E-4,3.043333E-5
4.000000E+0,7.000000E+2,1.806395E-2,5.402700E+2,3.856930E-7,1.422862E+1,1.832775E-2,1.640920E-2,1.614613E-2,1.633170E-2,1.642460E-2,1.646003E-2,1.662450E-2,1.631360E-2,1.630657E-2,1.617957E-2,2.494000E-4,3.697000E-4,1.293000E-4,2.124000E-4,9.703333E-5
5.000000E+0,8.000000E+2,2.384441E-2,5.402700E+2,3.856930E-7,1.422862E+1,2.386486E-2,2.136987E-2,2.115777E-2,2.129840E-2,2.141017E-2,2.147367E-2,2.164940E-2,2.126360E-2,2.126323E-2,2.110530E-2,3.037000E-4,4.171667E-4,1.530333E-4,2.254333E-4,1.059333E-4
6.000000E+0,9.000000E+2,3.106999E-2,5.402700E+2,3.856930E-7,1.422862E+1,3.013592E-2,2.705890E-2,2.680167E-2,2.693750E-2,2.706980E-2,2.713990E-2,2.742767E-2,2.691840E-2,2.696337E-2,2.669343E-2,3.768000E-4,5.315333E-4,1.954667E-4,4.511000E-4,1.006333E-4
7.000000E+0,1.000000E+3,3.901813E-2,5.402700E+2,3.856930E-7,1.422862E+1,3.901293E-2,3.504870E-2,3.478420E-2,3.487160E-2,3.503820E-2,3.516717E-2,3.545050E-2,3.483110E-2,3.489567E-2,3.464400E-2,3.542000E-4,6.249667E-4,1.385000E-4,4.494333E-4,6.240000E-5
8.000000E+0,1.100000E+3,4.696627E-2,5.402700E+2,3.856930E-7,1.422862E+1,4.701089E-2,4.223653E-2,4.189690E-2,4.199290E-2,4.225273E-2,4.240370E-2,4.272100E-2,4.197313E-2,4.205037E-2,4.190183E-2,5.231667E-4,8.612667E-4,2.763333E-4,5.114333E-4,1.693333E-4
9.000000E+0,1.200000E+3,5.491441E-2,5.402700E+2,3.856930E-7,1.422862E+1,5.436821E-2,4.868567E-2,4.833367E-2,4.844143E-2,4.870807E-2,4.885723E-2,4.927523E-2,4.836190E-2,4.846997E-2,4.819000E-2,4.869000E-4,8.477000E-4,1.618000E-4,6.745667E-4,9.500000E-6
1.000000E+1,1.300000E+3,6.430766E-2,5.402700E+2,3.856930E-7,1.422862E+1,6.477554E-2,5.835547E-2,5.795200E-2,5.802040E-2,5.835163E-2,5.857650E-2,5.900977E-2,5.796463E-2,5.810997E-2,5.756017E-2,5.883333E-4,1.025733E-3,7.153333E-5,8.205000E-4,-3.823333E-5
1.100000E+1,1.400000E+3,7.442347E-2,5.402700E+2,3.856930E-7,1.422862E+1,7.389733E-2,6.788040E-2,6.743720E-2,6.745120E-2,6.782897E-2,6.810833E-2,6.855110E-2,6.746307E-2,6.764467E-2,6.709153E-2,4.661333E-4,1.039567E-3,-1.261667E-4,7.620667E-4,-2.353000E-4
